date,confirmed_sum,deaths_sum,recovered_sum,New Case
2020-01-22,555,17,28,NA
2020-01-23,654,18,30,99
2020-01-24,941,26,36,287
2020-01-25,1434,42,39,493
2020-01-26,2118,56,52,684
2020-01-27,2927,82,61,809
2020-01-28,5578,131,107,2651
2020-01-29,6166,133,125,588
2020-01-30,8234,171,141,2068
2020-01-31,9927,213,218,1693
2020-02-01,12038,259,279,2111
2020-02-02,16787,362,456,4749
2020-02-03,19887,426,599,3100
2020-02-04,23898,492,816,4011
2020-02-05,27643,564,1066,3745
2020-02-06,30802,634,1411,3159
2020-02-07,34395,719,1891,3593
2020-02-08,37129,806,2453,2734
2020-02-09,40159,906,3039,3030
2020-02-10,42768,1013,3695,2609
2020-02-11,44810,1113,4397,2042
2020-02-12,45228,1118,4823,418
2020-02-13,60381,1371,5903,15153
2020-02-14,66908,1523,7577,6527
2020-02-15,69050,1666,8860,2142
2020-02-16,71234,1770,10277,2184
2020-02-17,73269,1868,11904,2035
2020-02-18,75151,2008,13636,1882
2020-02-19,75651,2123,15335,500
2020-02-20,76211,2248,17291,560
2020-02-21,76840,2252,17871,629
2020-02-22,78601,2459,21743,1761
2020-02-23,78979,2470,22189,378
2020-02-24,79543,2630,23923,564
2020-02-25,80396,2710,26523,853
2020-02-26,81373,2771,28943,977
2020-02-27,82737,2814,31779,1364
2020-02-28,84114,2873,35160,1377
2020-02-29,86009,2942,38167,1895
2020-03-01,88386,2996,41055,2377
2020-03-02,90360,3085,43927,1974
2020-03-03,92938,3160,46522,2578
2020-03-04,95237,3255,49460,2299
2020-03-05,98028,3348,52078,2791
2020-03-06,101971,3460,54140,3943
2020-03-07,106009,3559,56630,4038
2020-03-08,109960,3803,58962,3951
2020-03-09,113860,3987,60761,3900
2020-03-10,118884,4266,62672,5024
2020-03-11,126547,4611,65268,7663
2020-03-12,132297,4916,66588,5750
2020-03-13,146704,5413,68513,14407
2020-03-14,157795,5830,70881,11091
2020-03-15,168941,6471,74291,11146
2020-03-16,183600,7151,76341,14659
2020-03-17,199444,7955,79093,15844
2020-03-18,219037,8852,81576,19593
2020-03-19,246955,9958,83213,27918
2020-03-20,276564,11436,85657,29609
2020-03-21,308842,13142,89918,32278
2020-03-22,342255,14840,96133,33413
2020-03-23,384420,16757,96598,42165
2020-03-24,425559,19027,106133,41139
2020-03-25,476376,21804,111841,50817
2020-03-26,539336,24811,120205,62960
2020-03-27,603736,28329,128901,64400
2020-03-28,671344,32008,137184,67608
2020-03-29,730921,35481,146648,59577
2020-03-30,795560,39645,162071,64639
2020-03-31,871976,44489,174411,76416
2020-04-01,948197,50043,189748,76221
2020-04-02,1029598,56348,206372,81401
2020-04-03,1112752,62333,221367,83154
2020-04-04,1193128,68174,241369,80376
2020-04-05,1264846,73195,254755,71718
2020-04-06,1337518,79027,271118,72672
2020-04-07,1414391,86929,293890,76873
2020-04-08,1498166,93664,322164,83775
2020-04-09,1584791,101293,346423,86625
2020-04-10,1672449,108565,367464,87658
2020-04-11,1749169,114634,392910,76720
2020-04-12,1845951,120365,411725,96782
2020-04-13,1915545,126112,438201,69594
2020-04-14,1985472,133011,462683,69927
2020-04-15,2066301,141323,498381,80829
2020-04-16,2163013,148606,528323,96712
2020-04-17,2250737,157497,553386,87724
2020-04-18,2324265,163968,576822,73528
2020-04-19,2404790,168538,607389,80525
2020-04-20,2478129,173981,628433,73339
2020-04-21,2553379,181138,662396,75250
2020-04-22,2630185,187893,691253,76806
2020-04-23,2719198,194743,719300,89013
2020-04-24,2806138,201417,768720,86940
2020-04-25,2890259,206995,795515,84121
2020-04-26,2963206,210878,823064,72947
2020-04-27,3031910,215527,849177,68704
2020-04-28,3107209,221990,881239,75299
2020-04-29,3184255,228758,922129,77046
2020-04-30,3267936,234720,985786,83681
2020-05-01,3354984,239897,1022613,87048
2020-05-02,3435571,245222,1062365,80587
2020-05-03,3513207,248675,1093454,77636
2020-05-04,3589284,252803,1126183,76077
2020-05-05,3669273,258674,1161613,79989
2020-05-06,3759295,265343,1206104,90022
2020-05-07,3848381,270752,1244353,89086
2020-05-08,3939898,276320,1279849,91517
2020-05-09,4023533,280585,1332098,83635
2020-05-10,4099779,284151,1364585,76246
2020-05-11,4176020,287624,1410385,76241
2020-05-12,4259619,293171,1446194,83599
2020-05-13,4344371,298399,1500736,84752
2020-05-14,4441476,303667,1539338,97105
2020-05-15,4537825,308882,1586352,96349
2020-05-16,4629638,313053,1641977,91813
2020-05-17,4708147,316382,1682090,78509
2020-05-18,4796431,319673,1734121,88284
2020-05-19,4892855,324457,1785383,96424
2020-05-20,4995883,329342,1843433,103028
2020-05-21,5102217,334128,1893451,106334
2020-05-22,5209117,339412,2001111,106900
2020-05-23,5308100,343401,2055353,98983
2020-05-24,5403426,346541,2110029,95326
2020-05-25,5490389,347719,2172974,86963
2020-05-26,5582911,351922,2227268,92522
2020-05-27,5685511,357135,2289661,102600
2020-05-28,5804825,361836,2355704,119314
2020-05-29,5925992,366578,2430715,121167
2020-05-30,6054857,370734,2500281,128865
2020-05-31,6162409,373622,2575877,107552
2020-06-01,6257605,376690,2629743,95196
2020-06-02,6378415,381513,2733136,120810
2020-06-03,6497803,387085,2811418,119388
2020-06-04,6624740,392234,2880675,126937
2020-06-05,6755603,397010,2947990,130863
2020-06-06,6882801,400891,3019151,127198
2020-06-07,6995060,403633,3073501,112259
2020-06-08,7097285,407330,3224307,102225
2020-06-09,7221627,412252,3305682,124342
2020-06-10,7355652,417457,3383615,134025
2020-06-11,7493766,422231,3468527,138114
2020-06-12,7622860,426528,3547290,129094
2020-06-13,7757197,430766,3632401,134337
2020-06-14,7890618,434140,3702352,133421
2020-06-15,8010255,437565,3780947,119637
2020-06-16,8151659,444432,3878280,141404
2020-06-17,8327794,449687,3995644,176135
2020-06-18,8467721,454716,4076229,139927
2020-06-19,8648529,460989,4168688,180808
2020-06-20,8806084,465238,4283842,157555
2020-06-21,8934624,469201,4352081,128540
2020-06-22,9072483,472772,4443245,137859
2020-06-23,9237825,478083,4546801,165342
2020-06-24,9409002,483344,4659757,171177
2020-06-25,9586894,489971,4752159,177892
2020-06-26,9778240,494798,4858453,191346
2020-06-27,9956354,499284,4964476,178114
2020-06-28,10117985,502373,5053239,161631
2020-06-29,10276558,506094,5147101,158573
2020-06-30,10450456,511226,5264040,173898
2020-07-01,10668149,516237,5379645,217693
2020-07-02,10875852,521357,5664013,207703
2020-07-03,11079351,526352,5773456,203499
2020-07-04,11272923,530721,5968887,193572
2020-07-05,11455621,534166,6088048,182698
2020-07-06,11622965,537963,6211269,167344
2020-07-07,11833815,544070,6354557,210850
2020-07-08,12045624,549389,6511962,211809
2020-07-09,12273853,554847,6646068,228229
2020-07-10,12506434,560158,6785010,232581
2020-07-11,12722764,565055,6910043,216330
2020-07-12,12915440,569009,7021496,192676
2020-07-13,13108223,572824,7161340,192783
2020-07-14,13329678,578484,7303038,221455
2020-07-15,13560803,583977,7462392,231125
2020-07-16,13813333,589776,7612366,252530
2020-07-17,14055299,596518,7771772,241966
2020-07-18,14288689,602138,7904159,233390
