nasa_fireball <- structure(list(date = structure(c(17546, 17537, 17537, 17531,
17529, 17528, 17515, 17489, 17465, 17462, 17454, 17448, 17443,
17414, 17378, 17370, 17360, 17347, 17340, 17337, 17310, 17308,
17300, 17286, 17236, 17234, 17233, 17222, 17219, 17215, 17204,
17203, 17158, 17142, 17134, 17129, 17108, 17075, 17066, 17058,
17040, 17024, 17018, 17003, 16987, 16979, 16957, 16954, 16950,
16941, 16937, 16934, 16915, 16909, 16903, 16901, 16876, 16863,
16854, 16852, 16850, 16837, 16827, 16821, 16799, 16790, 16777,
16752, 16741, 16739, 16721, 16719, 16718, 16712, 16695, 16692,
16686, 16685, 16680, 16635, 16628, 16620, 16600, 16598, 16596,
16588, 16575, 16573, 16565, 16562, 16555, 16546, 16535, 16533,
16528, 16524, 16512, 16505, 16502, 16498, 16492, 16491, 16483,
16444, 16444, 16442, 16437, 16417, 16416, 16413, 16402, 16401,
16400, 16400, 16378, 16364, 16360, 16357, 16349, 16322, 16318,
16311, 16310, 16305, 16280, 16280, 16249, 16247, 16219, 16206,
16206, 16198, 16158, 16147, 16132, 16119, 16114, 16085, 16082,
16078, 16062, 16047, 16030, 15990, 15987, 15972, 15929, 15917,
15917, 15916, 15913, 15912, 15904, 15869, 15857, 15839, 15825,
15816, 15776, 15756, 15751, 15743, 15730, 15717, 15704, 15692,
15664, 15664, 15638, 15632, 15622, 15616, 15615, 15611, 15601,
15594, 15593, 15579, 15578, 15565, 15548, 15546, 15496, 15485,
15482, 15475, 15464, 15453, 15451, 15449, 15432, 15411, 15402,
15400, 15394, 15387, 15382, 15374, 15354, 15350, 15327, 15322,
15319, 15298, 15259, 15230, 15217, 15206, 15204, 15197, 15190,
15182, 15162, 15160, 15159, 15141, 15119, 15110, 15091, 15091,
15081, 15070, 15057, 15056, 15056, 15034, 15026, 15017, 14995,
14982, 14968, 14957, 14952, 14944, 14934, 14932, 14923, 14922,
14922, 14909, 14890, 14876, 14870, 14860, 14857, 14855, 14838,
14805, 14796, 14786, 14781, 14777, 14716, 14715, 14705, 14686,
14683, 14682, 14676, 14676, 14668, 14666, 14664, 14624, 14609,
14609, 14573, 14569, 14566, 14566, 14562, 14555, 14555, 14528,
14525, 14514, 14505, 14491, 14479, 14456, 14441, 14428, 14422,
14415, 14413, 14404, 14395, 14377, 14368, 14354, 14344, 14307,
14295, 14282, 14256, 14254, 14237, 14225, 14222, 14207, 14204,
14201, 14192, 14173, 14162, 14159, 14131, 14107, 14103, 14098,
14083, 14082, 14071, 14068, 14061, 14057, 14048, 14028, 14023,
14021, 14005, 13999, 13975, 13953, 13933, 13928, 13927, 13926,
13925, 13896, 13887, 13873, 13867, 13811, 13798, 13793, 13778,
13675, 13672, 13671, 13649, 13649, 13637, 13621, 13619, 13589,
13587, 13579, 13546, 13539, 13535, 13531, 13530, 13514, 13491,
13489, 13483, 13465, 13445, 13435, 13430, 13428, 13423, 13418,
13414, 13393, 13393, 13389, 13378, 13377, 13375, 13369, 13344,
13344, 13306, 13296, 13289, 13275, 13274, 13263, 13246, 13242,
13221, 13205, 13185, 13183, 13176, 13175, 13174, 13158, 13156,
13146, 13141, 13120, 13118, 13116, 13102, 13098, 13096, 13089,
13089, 13082, 13056, 13040, 13028, 13015, 13004, 12965, 12952,
12939, 12937, 12930, 12917, 12910, 12905, 12895, 12892, 12889,
12888, 12887, 12884, 12879, 12878, 12876, 12875, 12873, 12860,
12854, 12851, 12851, 12848, 12831, 12802, 12785, 12784, 12781,
12765, 12763, 12752, 12739, 12705, 12701, 12698, 12695, 12689,
12664, 12652, 12628, 12624, 12621, 12615, 12603, 12602, 12581,
12580, 12574, 12573, 12572, 12572, 12556, 12555, 12544, 12531,
12530, 12530, 12514, 12503, 12502, 12475, 12450, 12439, 12434,
12433, 12419, 12395, 12382, 12366, 12357, 12341, 12338, 12332,
12322, 12317, 12316, 12315, 12297, 12290, 12290, 12281, 12265,
12254, 12225, 12224, 12219, 12213, 12199, 12191, 12190, 12187,
12170), class = "Date"), energy = c(19.9, 2.8, 3.6, 4.4, 11,
11.4, 311.4, 2.8, 55.8, 2.4, 3.3, 3, 19.2, 3.8, 5.8, 3.5, 7.3,
9.4, 18.4, 63.6, 9, 3.5, 3.5, 15, 126.3, 40, 7.2, 6.5, 3.8, 29.5,
2, 6.6, 3.8, 11.7, 3.1, 13.8, 7.6, 3.1, 7.1, 7.6, 14.2, 18.4,
12.1, 4.5, 15.3, 45.8, 33.1, 17.2, 6.9, 2, 51.9, 10.1, 14.6,
22.4, 2, 65.5, 3.2, 5.8, 3.5, 36.9, 20.2, 685.3, 5, 4.6, 2.2,
8.3, 19.7, 10.2, 7.8, 9.7, 2.3, 3, 3.6, 4.4, 9.8, 7, 2, 179.8,
3.7, 2.3, 2.2, 5.6, 7.1, 17.6, 38.4, 38, 3.6, 4.3, 14.3, 5.2,
10.5, 8.8, 6.5, 17.3, 4.2, 6.4, 12.1, 7.2, 2, 5.5, 18.8, 5.8,
3.3, 2.2, 13.9, 13.6, 2, 4.4, 3.3, 7.8, 70, 5.5, 11.8, 10.5,
15.6, 3.4, 7.2, 2.9, 3.9, 2.8, 3.5, 2.6, 3.4, 381.9, 7.3, 5.3,
24.5, 6.1, 5.8, 13.6, 30.9, 105, 3.9, 54, 9.4, 2.6, 63, 14, 7.8,
3.1, 14.7, 6.4, 7.5, 161, 6, 16, 4.4, 3.9, 6.9, 39, 12, 2, 2.2,
2.2, 3.4, 2, 511, 106.6, 2.9, 3.2, 37500, 6.5, 340, 4.8, 19.8,
2.7, 2.5, 12, 3, 2.3, 21, 28, 47, 3.8, 24.4, 5.2, 2.3, 6.8, 24.9,
3.3, 3.4, 13.3, 2.4, 6, 21.1, 13.2, 22.9, 4.4, 14.3, 3, 3.2,
9.9, 10.1, 2.2, 3.7, 15.4, 14, 15, 2.1, 8.5, 13.5, 5, 2.9, 2.3,
3.6, 6.7, 2.7, 2.3, 2.3, 3.5, 2.8, 4.4, 3.3, 6.5, 2.9, 2.4, 228,
2, 22, 2.4, 2.4, 14.8, 5.8, 3.1, 2.2, 3.7, 3.9, 2, 7.2, 2.9,
2000, 3.9, 6.3, 13.3, 8.1, 3.3, 6.8, 8.6, 2, 14.5, 2, 5, 6.7,
6.5, 68.3, 175, 2.1, 2.4, 756, 11.3, 16.3, 11.9, 5.6, 84.4, 8,
17.5, 8, 4.2, 3, 32.3, 15.3, 23.7, 9.3, 49.2, 8.3, 10.2, 6.4,
1000, 8.5, 73.6, 2.3, 2.2, 4.2, 7.1, 2000, 8.9, 14.4, 96.5, 28,
2.5, 72.7, 2.7, 3.2, 2.7, 3.3, 28.1, 14.3, 7.3, 14, 2.2, 27,
17, 5, 160, 4.8, 2.3, 3.5, 21.6, 3.4, 14.6, 14.2, 2.5, 22.2,
4.6, 18, 39.5, 5.9, 13.1, 2, 4.1, 12.1, 6.1, 5.2, 6.6, 3.6, 17.2,
2.1, 2.1, 15, 2.1, 5.7, 2, 7.7, 5, 7.4, 2, 5, 11, 7.1, 4.4, 4.1,
13.6, 12.2, 5.8, 3.3, 5.8, 23.7, 4.9, 23.5, 3.1, 3.8, 40, 17.5,
11.2, 2.4, 4, 2.5, 2.7, 34, 14.7, 7.6, 3.2, 54.8, 3.6, 741, 2.1,
6.3, 2.3, 22.5, 25.8, 4.1, 4.1, 9, 10.7, 12.1, 2.2, 123, 9.2,
3.2, 25.6, 4.7, 102, 8.5, 16.3, 5.9, 2.6, 26.3, 3, 12.8, 2, 12.7,
240, 14.4, 7, 119, 10, 74, 4.5, 5.3, 2.8, 9.4, 19, 18.1, 8.8,
3.2, 3.2, 2.5, 4.2, 7.3, 3.2, 6.7, 13.8, 2.2, 2.5, 8.2, 2.7,
2.5, 3.1, 2.3, 4.1, 8.2, 2, 12.9, 2.6, 4.6, 2.2, 23.2, 2, 2.1,
7.1, 10.6, 2.9, 3.5, 21.9, 20.4, 3.8, 2.7, 2.2, 5.3, 4, 5.5,
10, 14.1, 11.9, 45.4, 9, 3.9, 3, 18.1, 18.6, 9.3, 3, 1037, 7.1,
6.2, 726, 144, 2.5, 19.7, 3.5, 2.9, 7.9, 6.5, 10.4, 10.4, 181,
33.9, 4.7, 5.4, 39.4, 5.5, 4.9, 5.6, 13.9, 62.4, 43.3, 2.4, 2.1,
6, 3, 23.2, 2.8, 9.8, 13.4, 64.3, 3.5, 51.8, 7.3, 28.5, 3, 3.7,
215, 3.3, 2, 3, 38.5, 7.2, 24.9, 64.7, 2.1, 5.8, 2.1, 3.8, 6.5,
3.2, 6.8, 52.1, 2.1, 4.3, 2.3),