state,country,lat,long,date,confirmed,recovered,deaths,New Case
NA,US,37.0902,-95.7129,2020-01-22,1,0,0,NA
NA,US,37.0902,-95.7129,2020-01-23,1,0,0,0
NA,US,37.0902,-95.7129,2020-01-24,2,0,0,1
NA,US,37.0902,-95.7129,2020-01-25,2,0,0,0
NA,US,37.0902,-95.7129,2020-01-26,5,0,0,3
NA,US,37.0902,-95.7129,2020-01-27,5,0,0,0
NA,US,37.0902,-95.7129,2020-01-28,5,0,0,0
NA,US,37.0902,-95.7129,2020-01-29,5,0,0,0
NA,US,37.0902,-95.7129,2020-01-30,5,0,0,0
NA,US,37.0902,-95.7129,2020-01-31,7,0,0,2
NA,US,37.0902,-95.7129,2020-02-01,8,0,0,1
NA,US,37.0902,-95.7129,2020-02-02,8,0,0,0
NA,US,37.0902,-95.7129,2020-02-03,11,0,0,3
NA,US,37.0902,-95.7129,2020-02-04,11,0,0,0
NA,US,37.0902,-95.7129,2020-02-05,11,0,0,0
NA,US,37.0902,-95.7129,2020-02-06,11,0,0,0
NA,US,37.0902,-95.7129,2020-02-07,11,0,0,0
NA,US,37.0902,-95.7129,2020-02-08,11,0,0,0
NA,US,37.0902,-95.7129,2020-02-09,11,3,0,0
NA,US,37.0902,-95.7129,2020-02-10,11,3,0,0
NA,US,37.0902,-95.7129,2020-02-11,12,3,0,1
NA,US,37.0902,-95.7129,2020-02-12,12,3,0,0
NA,US,37.0902,-95.7129,2020-02-13,13,3,0,1
NA,US,37.0902,-95.7129,2020-02-14,13,3,0,0
NA,US,37.0902,-95.7129,2020-02-15,13,3,0,0
NA,US,37.0902,-95.7129,2020-02-16,13,3,0,0
NA,US,37.0902,-95.7129,2020-02-17,13,3,0,0
NA,US,37.0902,-95.7129,2020-02-18,13,3,0,0
NA,US,37.0902,-95.7129,2020-02-19,13,3,0,0
NA,US,37.0902,-95.7129,2020-02-20,13,3,0,0
NA,US,37.0902,-95.7129,2020-02-21,15,5,0,2
NA,US,37.0902,-95.7129,2020-02-22,15,5,0,0
NA,US,37.0902,-95.7129,2020-02-23,15,5,0,0
NA,US,37.0902,-95.7129,2020-02-24,15,5,0,0
NA,US,37.0902,-95.7129,2020-02-25,15,6,0,0
NA,US,37.0902,-95.7129,2020-02-26,15,6,0,0
NA,US,37.0902,-95.7129,2020-02-27,16,6,0,1
NA,US,37.0902,-95.7129,2020-02-28,16,7,0,0
NA,US,37.0902,-95.7129,2020-02-29,24,7,1,8
NA,US,37.0902,-95.7129,2020-03-01,30,7,1,6
NA,US,37.0902,-95.7129,2020-03-02,53,7,6,23
NA,US,37.0902,-95.7129,2020-03-03,73,7,7,20
NA,US,37.0902,-95.7129,2020-03-04,104,7,11,31
NA,US,37.0902,-95.7129,2020-03-05,174,7,12,70
NA,US,37.0902,-95.7129,2020-03-06,222,7,14,48
NA,US,37.0902,-95.7129,2020-03-07,337,7,17,115
NA,US,37.0902,-95.7129,2020-03-08,451,7,21,114
NA,US,37.0902,-95.7129,2020-03-09,519,7,22,68
NA,US,37.0902,-95.7129,2020-03-10,711,8,28,192
NA,US,37.0902,-95.7129,2020-03-11,1109,8,32,398
NA,US,37.0902,-95.7129,2020-03-12,1561,12,43,452
NA,US,37.0902,-95.7129,2020-03-13,2157,12,52,596
NA,US,37.0902,-95.7129,2020-03-14,2870,12,59,713
NA,US,37.0902,-95.7129,2020-03-15,2968,12,72,98
NA,US,37.0902,-95.7129,2020-03-16,4360,17,100,1392
NA,US,37.0902,-95.7129,2020-03-17,6141,17,134,1781
NA,US,37.0902,-95.7129,2020-03-18,8914,105,191,2773
NA,US,37.0902,-95.7129,2020-03-19,14153,121,269,5239
NA,US,37.0902,-95.7129,2020-03-20,19479,147,366,5326
NA,US,37.0902,-95.7129,2020-03-21,25818,176,456,6339
NA,US,37.0902,-95.7129,2020-03-22,33756,178,600,7938
NA,US,37.0902,-95.7129,2020-03-23,43845,178,784,10089
NA,US,37.0902,-95.7129,2020-03-24,54108,348,1019,10263
NA,US,37.0902,-95.7129,2020-03-25,66044,361,1329,11936
NA,US,37.0902,-95.7129,2020-03-26,84080,681,1736,18036
NA,US,37.0902,-95.7129,2020-03-27,102254,869,2284,18174
NA,US,37.0902,-95.7129,2020-03-28,122054,1072,2921,19800
NA,US,37.0902,-95.7129,2020-03-29,141194,2665,3546,19140
NA,US,37.0902,-95.7129,2020-03-30,162690,5644,4352,21496
NA,US,37.0902,-95.7129,2020-03-31,188701,7024,5568,26011
NA,US,37.0902,-95.7129,2020-04-01,214194,8474,6787,25493
NA,US,37.0902,-95.7129,2020-04-02,244593,9001,8349,30399
NA,US,37.0902,-95.7129,2020-04-03,276535,9707,9646,31942
NA,US,37.0902,-95.7129,2020-04-04,309699,14652,10912,33164
NA,US,37.0902,-95.7129,2020-04-05,337573,17448,12323,27874
NA,US,37.0902,-95.7129,2020-04-06,367210,19581,13985,29637
NA,US,37.0902,-95.7129,2020-04-07,397992,21763,16290,30782
NA,US,37.0902,-95.7129,2020-04-08,429686,23559,18369,31694
NA,US,37.0902,-95.7129,2020-04-09,464442,25410,20415,34756
NA,US,37.0902,-95.7129,2020-04-10,497943,28790,22486,33501
NA,US,37.0902,-95.7129,2020-04-11,527958,31270,24498,30015
NA,US,37.0902,-95.7129,2020-04-12,556517,32988,26238,28559
NA,US,37.0902,-95.7129,2020-04-13,581810,43482,28036,25293
NA,US,37.0902,-95.7129,2020-04-14,608845,47763,30429,27035
NA,US,37.0902,-95.7129,2020-04-15,637974,52096,32944,29129
NA,US,37.0902,-95.7129,2020-04-16,669272,54703,35031,31298
NA,US,37.0902,-95.7129,2020-04-17,701996,58545,37621,32724
NA,US,37.0902,-95.7129,2020-04-18,730317,64840,39966,28321
NA,US,37.0902,-95.7129,2020-04-19,756375,70337,41148,26058
NA,US,37.0902,-95.7129,2020-04-20,783716,72329,42918,27341
NA,US,37.0902,-95.7129,2020-04-21,809213,75204,45314,25497
NA,US,37.0902,-95.7129,2020-04-22,837414,77366,47649,28201
NA,US,37.0902,-95.7129,2020-04-23,871617,80203,49969,34203
NA,US,37.0902,-95.7129,2020-04-24,907908,99079,51746,36291
NA,US,37.0902,-95.7129,2020-04-25,940829,100372,54015,32921
NA,US,37.0902,-95.7129,2020-04-26,968517,106988,55162,27688
NA,US,37.0902,-95.7129,2020-04-27,990993,111424,56502,22476
NA,US,37.0902,-95.7129,2020-04-28,1015518,115936,58632,24525
NA,US,37.0902,-95.7129,2020-04-29,1042926,120720,61252,27408
NA,US,37.0902,-95.7129,2020-04-30,1072667,153947,63291,29741
NA,US,37.0902,-95.7129,2020-05-01,1106829,164015,65243,34162
NA,US,37.0902,-95.7129,2020-05-02,1136024,175382,66668,29195
NA,US,37.0902,-95.7129,2020-05-03,1161611,180152,67990,25587
NA,US,37.0902,-95.7129,2020-05-04,1184086,187180,69237,22475
NA,US,37.0902,-95.7129,2020-05-05,1208271,189791,71387,24185
NA,US,37.0902,-95.7129,2020-05-06,1233527,189910,73775,25256
NA,US,37.0902,-95.7129,2020-05-07,1261409,195036,75986,27882
NA,US,37.0902,-95.7129,2020-05-08,1288566,198993,77495,27157
NA,US,37.0902,-95.7129,2020-05-09,1314306,212534,79122,25740
NA,US,37.0902,-95.7129,2020-05-10,1334084,216169,79856,19778
NA,US,37.0902,-95.7129,2020-05-11,1352962,232733,81018,18878
NA,US,37.0902,-95.7129,2020-05-12,1374914,230287,82709,21952
NA,US,37.0902,-95.7129,2020-05-13,1396109,243430,84452,21195
NA,US,37.0902,-95.7129,2020-05-14,1423726,246414,86229,27617
NA,US,37.0902,-95.7129,2020-05-15,1449026,250747,87862,25300
NA,US,37.0902,-95.7129,2020-05-16,1474127,268376,89084,25101
NA,US,37.0902,-95.7129,2020-05-17,1493131,272265,89893,19004
NA,US,37.0902,-95.7129,2020-05-18,1514839,283178,90683,21708
NA,US,37.0902,-95.7129,2020-05-19,1535337,289392,92252,20498
NA,US,37.0902,-95.7129,2020-05-20,1558949,294312,93775,23612
NA,US,37.0902,-95.7129,2020-05-21,1584486,298418,95020,25537
NA,US,37.0902,-95.7129,2020-05-22,1608623,350135,96296,24137
NA,US,37.0902,-95.7129,2020-05-23,1630450,361239,97406,21827
NA,US,37.0902,-95.7129,2020-05-24,1651239,366736,98039,20789
NA,US,37.0902,-95.7129,2020-05-25,1670209,379157,98541,18970
NA,US,37.0902,-95.7129,2020-05-26,1689057,384902,99239,18848
NA,US,37.0902,-95.7129,2020-05-27,1707423,391508,100744,18366
NA,US,37.0902,-95.7129,2020-05-28,1730259,399991,101937,22836
NA,US,37.0902,-95.7129,2020-05-29,1754747,406446,103113,24488
NA,US,37.0902,-95.7129,2020-05-30,1778993,416461,104054,24246
NA,US,37.0902,-95.7129,2020-05-31,1799122,444758,104659,20129
NA,US,37.0902,-95.7129,2020-06-01,1816476,458231,105430,17354
NA,US,37.0902,-95.7129,2020-06-02,1837367,463868,106461,20891
NA,US,37.0902,-95.7129,2020-06-03,1857248,479258,107444,19881
NA,US,37.0902,-95.7129,2020-06-04,1878543,485002,108479,21295
NA,US,37.0902,-95.7129,2020-06-05,1903854,491706,109449,25311
NA,US,37.0902,-95.7129,2020-06-06,1926538,500849,110124,22684
NA,US,37.0902,-95.7129,2020-06-07,1944309,506367,110575,17771
NA,US,37.0902,-95.7129,2020-06-08,1961781,518522,111068,17472
NA,US,37.0902,-95.7129,2020-06-09,1979868,524855,112014,18087
NA,US,37.0902,-95.7129,2020-06-10,2000702,533504,112935,20834
NA,US,37.0902,-95.7129,2020-06-11,2023590,540292,113823,22888
NA,US,37.0902,-95.7129,2020-06-12,2048986,547386,114669,25396
NA,US,37.0902,-95.7129,2020-06-13,2074526,556606,115436,25540
NA,US,37.0902,-95.7129,2020-06-14,2094058,561816,115732,19532
NA,US,37.0902,-95.7129,2020-06-15,2114026,576334,116127,19968
NA,US,37.0902,-95.7129,2020-06-16,2137731,583503,116963,23705
NA,US,37.0902,-95.7129,2020-06-17,2163290,592191,117717,25559
NA,US,37.0902,-95.7129,2020-06-18,2191052,599115,118432,27762
NA,US,37.0902,-95.7129,2020-06-19,2222579,606715,119124,31527
NA,US,37.0902,-95.7129,2020-06-20,2255297,617460,119720,32718
NA,US,37.0902,-95.7129,2020-06-21,2281655,622133,119979,26358
NA,US,37.0902,-95.7129,2020-06-22,2312302,640198,120402,30647
NA,US,37.0902,-95.7129,2020-06-23,2347491,647548,121231,35189
NA,US,37.0902,-95.7129,2020-06-24,2382327,656161,121985,34836
NA,US,37.0902,-95.7129,2020-06-25,2422299,663562,124410,39972
NA,US,37.0902,-95.7129,2020-06-26,2467554,670809,125039,45255
NA,US,37.0902,-95.7129,2020-06-27,2510151,679308,125539,42597
